Result of Pass 1:



0 0 0 0 0 0 0 0 0 0 0 0 0 0 0 0 0 0 0 0 0 0 0 0 0 0 0 0 0 0 0 0 0 0 0 0 0 0 0 0 0 0 0 0 0 0 0 0 0 0 0 0 0 0 0 0 0 0 0 0 0 0 0 0 
0 0 0 0 0 0 0 0 0 0 0 0 0 0 0 0 0 0 0 0 0 0 0 0 0 0 0 0 0 0 0 0 0 0 0 0 0 0 0 0 0 0 0 0 0 0 0 0 0 0 0 0 0 0 0 0 0 0 0 0 0 0 0 0 
0 0 0 0 0 0 0 0 0 0 0 0 0 0 0 0 0 0 0 0 0 0 0 0 0 0 0 0 0 0 0 0 0 0 0 0 0 0 0 0 0 0 0 0 0 0 0 0 0 0 0 0 0 0 0 0 0 0 0 0 0 0 0 0 
0 0 0 0 0 0 0 0 0 0 0 0 0 0 0 0 0 0 0 0 0 0 0 0 0 0 0 0 0 0 1 0 0 0 0 0 0 0 0 0 0 0 0 0 0 0 0 0 0 0 0 0 0 0 0 0 0 0 0 0 0 0 0 0 
0 0 0 0 0 0 0 0 0 0 0 0 0 0 0 0 0 0 0 0 0 0 0 0 0 0 0 0 0 1 1 1 0 0 0 0 0 0 0 0 0 0 0 0 0 0 0 0 1 1 1 1 1 1 1 0 0 0 0 0 0 0 0 0 
0 0 0 0 0 0 0 0 0 0 0 0 0 0 0 0 0 0 0 0 0 0 0 0 0 0 0 0 1 1 2 1 1 0 0 0 0 0 0 0 0 0 0 0 0 0 0 0 1 2 2 2 2 2 1 0 0 0 0 0 0 0 0 0 
0 0 0 0 0 0 0 0 0 0 0 0 0 0 0 0 0 0 0 0 0 0 0 0 0 0 0 1 1 2 2 2 1 1 0 0 0 0 0 0 0 0 0 0 0 0 0 0 1 2 3 3 3 2 1 0 0 0 0 0 0 0 0 0 
0 0 0 0 0 0 0 0 0 0 1 0 0 0 0 0 0 0 0 0 0 0 0 0 0 0 1 1 2 2 3 2 2 1 1 0 0 0 0 0 0 0 0 0 0 0 0 0 1 2 3 4 3 2 1 0 0 0 0 0 0 0 0 0 
0 0 0 0 0 0 0 0 0 1 1 1 0 0 0 0 0 0 0 0 0 0 0 0 0 1 1 2 2 3 3 3 2 2 1 1 0 0 0 0 0 0 0 0 0 0 0 0 1 2 3 4 3 2 1 0 0 0 0 0 0 0 0 0 
0 0 0 0 0 0 0 0 1 1 2 1 1 0 0 0 0 0 0 0 0 0 0 0 1 1 2 2 3 3 4 3 3 2 2 1 1 0 0 0 0 0 0 0 0 0 0 0 1 2 3 4 3 2 1 0 0 0 0 0 0 0 0 0 
0 0 0 0 0 0 0 1 1 2 2 2 1 1 0 0 0 0 0 0 0 0 0 1 1 2 2 3 3 4 4 4 3 3 2 2 1 1 0 0 0 0 0 0 0 0 0 0 1 2 3 4 3 2 1 0 0 0 0 0 0 0 0 0 
0 0 0 0 0 0 1 1 2 2 3 2 2 1 1 0 0 0 0 0 0 0 1 1 2 2 3 3 4 4 5 4 4 3 3 2 2 1 1 0 0 0 0 0 0 0 0 0 1 2 3 4 3 2 1 0 0 0 0 0 0 0 0 0 
0 0 0 0 0 1 1 2 2 3 3 3 2 2 1 1 0 0 0 0 0 1 1 2 2 3 3 4 4 5 5 5 4 4 3 3 2 2 1 1 0 0 0 0 0 0 0 0 1 2 3 4 3 2 1 0 0 0 0 0 0 0 0 0 
0 0 0 0 1 1 2 2 3 3 4 3 3 2 2 1 1 0 0 0 0 0 1 2 3 3 4 4 5 5 6 5 5 4 4 3 3 2 2 0 0 0 0 0 0 0 0 0 1 2 3 4 3 2 1 0 0 0 0 0 0 0 0 0 
0 0 0 1 1 2 2 3 3 4 4 4 3 3 2 2 1 1 0 0 0 0 0 1 2 3 4 5 5 6 6 6 5 5 4 4 3 3 0 0 0 0 0 0 0 0 0 0 1 2 3 4 3 2 1 0 0 0 0 0 0 0 0 0 
0 0 1 1 2 2 3 3 4 4 5 4 4 3 3 2 2 1 1 0 0 0 0 0 1 2 3 4 5 6 7 6 6 5 5 4 4 0 0 0 0 0 0 0 0 0 0 0 1 2 3 4 3 2 1 0 0 0 0 0 0 0 0 0 
0 1 1 2 2 3 3 4 4 5 5 5 4 4 3 3 2 2 1 1 0 0 0 0 0 1 2 3 4 5 6 7 6 6 5 5 0 0 0 0 0 0 0 0 0 0 0 0 1 2 3 4 3 2 1 0 0 0 0 0 0 0 0 0 
1 1 2 2 3 3 4 4 5 5 6 5 5 4 4 3 3 2 2 1 1 0 0 0 0 0 1 2 3 4 5 6 7 6 6 0 0 0 0 0 0 0 0 0 0 0 0 0 1 2 3 4 3 2 1 0 0 0 0 0 0 0 0 0 
1 2 2 3 3 4 4 5 5 6 6 6 5 5 4 4 3 3 2 2 1 1 0 0 0 0 0 1 2 3 4 5 6 7 0 0 0 0 0 0 0 0 0 0 0 0 0 0 1 2 3 4 3 2 1 0 0 0 0 0 0 0 0 0 
1 2 3 3 4 4 5 5 6 6 7 6 6 5 5 4 4 3 3 2 2 1 1 0 0 0 0 0 1 2 3 4 5 0 0 0 0 0 0 0 0 0 0 0 0 0 0 0 1 2 3 4 3 2 1 0 0 0 0 0 0 0 0 0 
1 2 3 4 4 5 5 6 6 7 7 7 6 6 5 5 4 4 3 3 2 2 1 1 0 0 0 0 0 0 1 2 1 0 0 0 0 0 0 0 0 0 0 0 0 0 0 0 1 2 3 4 3 2 1 0 0 0 0 0 0 0 0 0 
1 2 3 4 5 5 6 6 7 7 8 7 7 6 6 5 5 4 4 3 3 2 2 0 0 0 0 0 0 0 1 0 0 0 0 0 0 0 0 0 0 0 0 0 0 0 0 0 1 2 3 4 3 2 1 0 0 0 0 0 0 0 0 0 
1 2 3 4 5 6 6 7 7 8 8 8 7 7 6 6 5 5 4 4 3 3 0 0 0 0 0 0 0 0 1 0 0 0 0 0 0 0 0 0 0 0 0 0 0 0 0 0 1 2 3 4 3 2 1 0 0 0 0 0 0 0 0 0 
1 2 3 4 5 6 7 7 8 8 9 8 8 7 7 6 6 5 5 4 4 0 0 0 0 0 0 0 0 1 1 1 0 0 0 0 0 0 0 0 0 0 0 0 0 0 0 0 1 2 3 4 3 2 1 0 0 0 0 0 0 0 0 0 
0 1 2 3 4 5 6 7 8 9 9 9 8 8 7 7 6 6 5 5 0 0 0 0 0 0 0 0 1 1 2 1 1 0 0 0 0 0 0 0 0 0 0 0 0 0 0 0 1 2 3 4 3 2 1 0 0 0 0 0 0 0 0 0 
0 0 1 2 3 4 5 6 7 8 9 9 9 8 8 7 7 6 6 0 0 0 0 0 0 0 0 0 1 2 2 2 1 1 1 0 0 0 0 0 0 0 0 0 0 0 0 0 1 2 3 4 3 2 1 0 0 0 0 0 0 0 0 0 
0 0 0 1 2 3 4 5 6 7 8 9 9 9 8 8 7 7 0 0 0 0 0 0 0 0 0 1 1 2 3 2 2 2 1 1 0 0 0 0 0 0 0 0 0 0 0 0 1 2 3 4 3 2 1 0 0 0 0 0 0 0 0 0 
0 0 0 0 1 2 3 4 5 6 7 8 9 9 9 8 8 0 0 0 0 0 0 0 0 1 1 1 2 2 3 3 3 2 2 1 0 0 0 0 0 0 0 0 0 0 0 0 1 2 3 4 3 2 1 0 0 0 0 0 0 0 0 0 
0 0 0 0 0 1 2 3 4 5 6 7 8 9 9 9 0 0 0 0 0 0 0 0 0 1 2 2 2 3 3 4 3 3 2 1 1 1 0 0 0 0 0 0 0 0 0 0 1 2 3 4 3 2 1 0 0 0 0 0 0 0 0 0 
0 0 0 0 0 0 1 2 3 4 5 6 7 8 9 0 0 0 0 0 0 0 0 1 1 1 2 3 3 3 4 4 4 3 2 2 2 1 0 0 0 0 0 0 0 0 0 0 1 2 3 4 3 2 1 0 0 0 0 0 0 0 0 0 
0 0 0 0 0 0 0 1 2 3 4 5 6 7 0 0 0 0 0 0 0 0 1 1 2 2 2 3 4 4 4 5 4 3 3 3 2 1 1 0 0 0 0 0 0 0 0 0 1 2 3 4 3 2 1 0 0 0 0 0 0 0 0 0 
0 0 0 0 0 0 0 0 1 2 3 4 5 0 0 0 0 0 0 0 0 1 1 2 2 3 3 3 4 5 5 5 4 4 4 3 2 2 1 1 0 0 0 0 0 0 0 0 1 2 3 4 3 2 1 0 0 0 0 0 0 0 0 0 
0 0 0 0 0 0 0 0 0 1 2 3 0 0 0 0 0 0 0 0 0 0 1 2 3 3 4 4 4 5 6 5 5 5 4 3 3 2 2 0 0 0 0 0 0 0 0 0 1 2 3 4 3 2 1 0 0 0 0 0 0 0 0 0 
0 0 0 0 0 0 0 0 0 0 1 0 0 0 0 0 0 0 0 0 0 0 0 1 2 3 4 5 5 5 6 6 6 5 4 4 3 3 0 0 0 0 0 0 0 0 0 0 1 2 3 4 3 2 1 0 0 0 0 0 0 0 0 0 
0 0 0 0 0 0 0 0 0 0 0 0 0 0 0 0 0 0 0 0 0 0 0 0 1 2 3 4 5 6 6 7 6 5 5 4 4 0 0 0 0 0 0 0 0 0 0 0 1 2 3 4 3 2 1 0 0 0 0 0 0 0 0 0 
0 0 0 0 0 0 0 0 0 0 0 0 0 0 0 0 0 0 0 0 0 0 0 0 0 1 2 3 4 5 6 7 6 6 5 5 0 0 0 0 0 0 0 0 0 0 0 0 0 0 0 0 0 0 0 0 0 0 0 0 0 0 0 0 
0 0 0 0 0 0 0 0 0 0 0 0 0 0 0 0 0 0 0 0 0 0 0 0 0 0 1 2 3 4 5 6 7 6 6 0 0 0 0 0 0 0 0 0 0 0 0 0 0 0 0 0 0 0 0 0 0 0 0 0 0 0 0 0 
0 0 0 0 0 0 0 0 0 0 0 0 0 0 0 0 0 0 0 0 0 0 0 0 0 0 0 1 2 3 4 5 6 7 0 0 0 0 0 0 0 0 0 0 0 0 0 0 0 0 0 0 0 0 0 0 0 0 0 0 0 0 0 0 
0 0 0 0 0 0 0 0 0 0 0 0 0 0 0 0 0 0 0 0 0 0 0 0 0 0 0 0 1 2 3 4 5 0 0 0 0 0 0 0 0 0 0 0 0 0 0 0 0 0 0 0 0 0 0 0 0 0 0 0 0 0 0 0 
0 0 0 0 0 0 0 0 0 0 0 0 0 0 0 0 0 0 0 0 0 0 0 0 0 0 0 0 0 1 2 3 0 0 0 0 0 0 0 0 0 0 0 0 0 0 0 0 0 0 0 0 0 0 0 0 0 0 0 0 0 0 0 0 
0 0 0 0 0 0 0 0 0 0 0 0 0 0 0 0 0 0 0 0 0 0 0 0 0 0 0 0 0 0 1 0 0 0 0 0 0 0 0 0 0 0 0 0 0 0 0 0 0 0 0 0 0 0 0 0 0 0 0 0 0 0 0 0 
0 0 0 0 0 0 0 0 0 0 0 0 0 0 0 0 0 0 0 0 0 0 0 0 0 0 0 0 0 0 0 0 0 0 0 0 0 0 0 0 0 0 0 0 0 0 0 0 0 0 0 0 0 0 0 0 0 0 0 0 0 0 0 0 
0 0 0 0 0 0 0 0 1 1 1 1 1 1 1 1 1 1 1 1 1 1 1 1 1 1 1 1 1 1 1 1 1 1 1 1 1 1 1 1 1 1 1 1 1 1 1 1 1 1 1 1 1 1 1 0 0 0 0 0 0 0 0 0 
0 0 0 0 0 0 0 0 1 2 2 2 2 2 2 2 2 2 2 2 2 2 2 2 2 2 2 2 2 2 2 2 2 2 2 2 2 2 2 2 2 2 2 2 2 2 2 2 2 2 2 2 2 2 1 0 0 0 0 0 0 0 0 0 
0 0 0 0 0 0 0 0 1 2 3 3 3 3 3 3 3 3 3 3 3 3 3 3 3 3 3 3 3 3 3 3 3 3 3 3 3 3 3 3 3 3 3 3 3 3 3 3 3 3 3 3 3 2 1 0 0 0 0 0 0 0 0 0 
0 0 0 0 0 0 0 0 1 2 3 4 4 4 4 4 4 4 4 4 4 4 4 4 4 4 4 4 4 4 4 4 4 4 4 4 4 4 4 4 4 4 4 4 4 4 4 4 4 4 4 4 3 2 1 0 0 0 0 0 0 0 0 0 
0 0 0 0 0 0 0 0 1 2 3 4 5 5 5 5 5 5 5 5 5 5 5 5 5 5 5 5 5 5 5 5 5 5 5 5 5 5 5 5 5 5 5 5 5 5 5 5 5 5 5 4 3 2 1 0 0 0 0 0 0 0 0 0 
0 0 0 0 0 0 0 0 1 2 3 4 5 6 6 6 6 6 6 6 6 6 6 6 6 6 6 6 6 6 6 6 6 6 6 6 6 6 6 6 6 6 6 6 6 6 6 6 6 6 5 4 3 2 1 0 0 0 0 0 0 0 0 0 
0 0 0 0 0 0 0 0 0 0 0 0 0 0 0 0 0 0 0 0 0 0 0 0 0 0 0 0 0 0 0 0 0 0 0 0 0 0 0 0 0 0 0 0 0 0 0 0 0 0 0 0 0 0 0 0 0 0 0 0 0 0 0 0 
0 0 0 0 0 0 0 0 0 0 0 0 0 0 0 0 0 0 0 0 0 0 0 0 0 0 0 0 0 0 0 0 0 0 0 0 0 0 0 0 0 0 0 0 0 0 0 0 0 0 0 0 0 0 0 0 0 0 0 0 0 0 0 0 
-----------------------------------------------

Result of Pass 2:



0 0 0 0 0 0 0 0 0 0 0 0 0 0 0 0 0 0 0 0 0 0 0 0 0 0 0 0 0 0 0 0 0 0 0 0 0 0 0 0 0 0 0 0 0 0 0 0 0 0 0 0 0 0 0 0 0 0 0 0 0 0 0 0 
0 0 0 0 0 0 0 0 0 0 0 0 0 0 0 0 0 0 0 0 0 0 0 0 0 0 0 0 0 0 0 0 0 0 0 0 0 0 0 0 0 0 0 0 0 0 0 0 0 0 0 0 0 0 0 0 0 0 0 0 0 0 0 0 
0 0 0 0 0 0 0 0 0 0 0 0 0 0 0 0 0 0 0 0 0 0 0 0 0 0 0 0 0 0 0 0 0 0 0 0 0 0 0 0 0 0 0 0 0 0 0 0 0 0 0 0 0 0 0 0 0 0 0 0 0 0 0 0 
0 0 0 0 0 0 0 0 0 0 0 0 0 0 0 0 0 0 0 0 0 0 0 0 0 0 0 0 0 0 1 0 0 0 0 0 0 0 0 0 0 0 0 0 0 0 0 0 0 0 0 0 0 0 0 0 0 0 0 0 0 0 0 0 
0 0 0 0 0 0 0 0 0 0 0 0 0 0 0 0 0 0 0 0 0 0 0 0 0 0 0 0 0 1 1 1 0 0 0 0 0 0 0 0 0 0 0 0 0 0 0 0 1 1 1 1 1 1 1 0 0 0 0 0 0 0 0 0 
0 0 0 0 0 0 0 0 0 0 0 0 0 0 0 0 0 0 0 0 0 0 0 0 0 0 0 0 1 1 2 1 1 0 0 0 0 0 0 0 0 0 0 0 0 0 0 0 1 2 2 2 2 2 1 0 0 0 0 0 0 0 0 0 
0 0 0 0 0 0 0 0 0 0 0 0 0 0 0 0 0 0 0 0 0 0 0 0 0 0 0 1 1 2 2 2 1 1 0 0 0 0 0 0 0 0 0 0 0 0 0 0 1 2 3 3 3 2 1 0 0 0 0 0 0 0 0 0 
0 0 0 0 0 0 0 0 0 0 1 0 0 0 0 0 0 0 0 0 0 0 0 0 0 0 1 1 2 2 3 2 2 1 1 0 0 0 0 0 0 0 0 0 0 0 0 0 1 2 3 4 3 2 1 0 0 0 0 0 0 0 0 0 
0 0 0 0 0 0 0 0 0 1 1 1 0 0 0 0 0 0 0 0 0 0 0 0 0 1 1 2 2 3 3 3 2 2 1 1 0 0 0 0 0 0 0 0 0 0 0 0 1 2 3 4 3 2 1 0 0 0 0 0 0 0 0 0 
0 0 0 0 0 0 0 0 1 1 2 1 1 0 0 0 0 0 0 0 0 0 0 0 1 1 2 2 3 3 4 3 3 2 2 1 1 0 0 0 0 0 0 0 0 0 0 0 1 2 3 4 3 2 1 0 0 0 0 0 0 0 0 0 
0 0 0 0 0 0 0 1 1 2 2 2 1 1 0 0 0 0 0 0 0 0 0 1 1 2 2 3 3 4 4 4 3 3 2 2 1 1 0 0 0 0 0 0 0 0 0 0 1 2 3 4 3 2 1 0 0 0 0 0 0 0 0 0 
0 0 0 0 0 0 1 1 2 2 3 2 2 1 1 0 0 0 0 0 0 0 1 1 2 2 3 3 4 4 5 4 4 3 3 2 2 1 1 0 0 0 0 0 0 0 0 0 1 2 3 4 3 2 1 0 0 0 0 0 0 0 0 0 
0 0 0 0 0 1 1 2 2 3 3 3 2 2 1 1 0 0 0 0 0 1 1 2 2 3 3 4 4 5 5 5 4 4 3 3 2 2 1 1 0 0 0 0 0 0 0 0 1 2 3 4 3 2 1 0 0 0 0 0 0 0 0 0 
0 0 0 0 1 1 2 2 3 3 4 3 3 2 2 1 1 0 0 0 0 0 1 1 2 2 3 3 4 4 5 4 4 3 3 2 2 1 1 0 0 0 0 0 0 0 0 0 1 2 3 4 3 2 1 0 0 0 0 0 0 0 0 0 
0 0 0 1 1 2 2 3 3 4 4 4 3 3 2 2 1 1 0 0 0 0 0 1 1 2 2 3 3 4 4 4 3 3 2 2 1 1 0 0 0 0 0 0 0 0 0 0 1 2 3 4 3 2 1 0 0 0 0 0 0 0 0 0 
0 0 1 1 2 2 3 3 4 4 5 4 4 3 3 2 2 1 1 0 0 0 0 0 1 1 2 2 3 3 4 3 3 2 2 1 1 0 0 0 0 0 0 0 0 0 0 0 1 2 3 4 3 2 1 0 0 0 0 0 0 0 0 0 
0 1 1 2 2 3 3 4 4 5 5 5 4 4 3 3 2 2 1 1 0 0 0 0 0 1 1 2 2 3 3 3 2 2 1 1 0 0 0 0 0 0 0 0 0 0 0 0 1 2 3 4 3 2 1 0 0 0 0 0 0 0 0 0 
1 1 2 2 3 3 4 4 5 5 6 5 5 4 4 3 3 2 2 1 1 0 0 0 0 0 1 1 2 2 3 2 2 1 1 0 0 0 0 0 0 0 0 0 0 0 0 0 1 2 3 4 3 2 1 0 0 0 0 0 0 0 0 0 
1 2 2 3 3 4 4 5 5 6 6 6 5 5 4 4 3 3 2 2 1 1 0 0 0 0 0 1 1 2 2 2 1 1 0 0 0 0 0 0 0 0 0 0 0 0 0 0 1 2 3 4 3 2 1 0 0 0 0 0 0 0 0 0 
1 2 3 3 4 4 5 5 6 6 7 6 6 5 5 4 4 3 3 2 2 1 1 0 0 0 0 0 1 1 1 2 1 0 0 0 0 0 0 0 0 0 0 0 0 0 0 0 1 2 3 4 3 2 1 0 0 0 0 0 0 0 0 0 
1 2 3 4 4 5 5 6 6 7 7 7 6 6 5 5 4 4 3 3 2 2 1 1 0 0 0 0 0 0 1 1 1 0 0 0 0 0 0 0 0 0 0 0 0 0 0 0 1 2 3 4 3 2 1 0 0 0 0 0 0 0 0 0 
1 2 3 3 4 4 5 5 6 6 7 6 6 5 5 4 4 3 3 2 2 1 1 0 0 0 0 0 0 0 1 0 0 0 0 0 0 0 0 0 0 0 0 0 0 0 0 0 1 2 3 4 3 2 1 0 0 0 0 0 0 0 0 0 
1 2 2 3 3 4 4 5 5 6 6 6 5 5 4 4 3 3 2 2 1 1 0 0 0 0 0 0 0 0 1 0 0 0 0 0 0 0 0 0 0 0 0 0 0 0 0 0 1 2 3 4 3 2 1 0 0 0 0 0 0 0 0 0 
1 1 2 2 3 3 4 4 5 5 6 5 5 4 4 3 3 2 2 1 1 0 0 0 0 0 0 0 0 1 1 1 0 0 0 0 0 0 0 0 0 0 0 0 0 0 0 0 1 2 3 4 3 2 1 0 0 0 0 0 0 0 0 0 
0 1 1 2 2 3 3 4 4 5 5 5 4 4 3 3 2 2 1 1 0 0 0 0 0 0 0 0 1 1 2 1 1 0 0 0 0 0 0 0 0 0 0 0 0 0 0 0 1 2 3 4 3 2 1 0 0 0 0 0 0 0 0 0 
0 0 1 1 2 2 3 3 4 4 5 4 4 3 3 2 2 1 1 0 0 0 0 0 0 0 0 0 1 2 2 2 1 1 1 0 0 0 0 0 0 0 0 0 0 0 0 0 1 2 3 4 3 2 1 0 0 0 0 0 0 0 0 0 
0 0 0 1 1 2 2 3 3 4 4 4 3 3 2 2 1 1 0 0 0 0 0 0 0 0 0 1 1 2 3 2 2 2 1 1 0 0 0 0 0 0 0 0 0 0 0 0 1 2 3 4 3 2 1 0 0 0 0 0 0 0 0 0 
0 0 0 0 1 1 2 2 3 3 4 3 3 2 2 1 1 0 0 0 0 0 0 0 0 1 1 1 2 2 3 3 3 2 2 1 0 0 0 0 0 0 0 0 0 0 0 0 1 2 3 4 3 2 1 0 0 0 0 0 0 0 0 0 
0 0 0 0 0 1 1 2 2 3 3 3 2 2 1 1 0 0 0 0 0 0 0 0 0 1 2 2 2 3 3 4 3 3 2 1 1 1 0 0 0 0 0 0 0 0 0 0 1 2 3 4 3 2 1 0 0 0 0 0 0 0 0 0 
0 0 0 0 0 0 1 1 2 2 3 2 2 1 1 0 0 0 0 0 0 0 0 1 1 1 2 3 3 3 4 4 4 3 2 2 2 1 0 0 0 0 0 0 0 0 0 0 1 2 3 4 3 2 1 0 0 0 0 0 0 0 0 0 
0 0 0 0 0 0 0 1 1 2 2 2 1 1 0 0 0 0 0 0 0 0 1 1 2 2 2 3 4 4 4 5 4 3 3 3 2 1 1 0 0 0 0 0 0 0 0 0 1 2 3 4 3 2 1 0 0 0 0 0 0 0 0 0 
0 0 0 0 0 0 0 0 1 1 2 1 1 0 0 0 0 0 0 0 0 1 1 2 2 3 3 3 4 5 5 5 4 4 3 3 2 2 1 1 0 0 0 0 0 0 0 0 1 2 3 4 3 2 1 0 0 0 0 0 0 0 0 0 
0 0 0 0 0 0 0 0 0 1 1 1 0 0 0 0 0 0 0 0 0 0 1 1 2 2 3 3 4 4 5 4 4 3 3 2 2 1 1 0 0 0 0 0 0 0 0 0 1 2 3 3 3 2 1 0 0 0 0 0 0 0 0 0 
0 0 0 0 0 0 0 0 0 0 1 0 0 0 0 0 0 0 0 0 0 0 0 1 1 2 2 3 3 4 4 4 3 3 2 2 1 1 0 0 0 0 0 0 0 0 0 0 1 2 2 2 2 2 1 0 0 0 0 0 0 0 0 0 
0 0 0 0 0 0 0 0 0 0 0 0 0 0 0 0 0 0 0 0 0 0 0 0 1 1 2 2 3 3 4 3 3 2 2 1 1 0 0 0 0 0 0 0 0 0 0 0 1 1 1 1 1 1 1 0 0 0 0 0 0 0 0 0 
0 0 0 0 0 0 0 0 0 0 0 0 0 0 0 0 0 0 0 0 0 0 0 0 0 1 1 2 2 3 3 3 2 2 1 1 0 0 0 0 0 0 0 0 0 0 0 0 0 0 0 0 0 0 0 0 0 0 0 0 0 0 0 0 
0 0 0 0 0 0 0 0 0 0 0 0 0 0 0 0 0 0 0 0 0 0 0 0 0 0 1 1 2 2 3 2 2 1 1 0 0 0 0 0 0 0 0 0 0 0 0 0 0 0 0 0 0 0 0 0 0 0 0 0 0 0 0 0 
0 0 0 0 0 0 0 0 0 0 0 0 0 0 0 0 0 0 0 0 0 0 0 0 0 0 0 1 1 2 2 2 1 1 0 0 0 0 0 0 0 0 0 0 0 0 0 0 0 0 0 0 0 0 0 0 0 0 0 0 0 0 0 0 
0 0 0 0 0 0 0 0 0 0 0 0 0 0 0 0 0 0 0 0 0 0 0 0 0 0 0 0 1 1 2 1 1 0 0 0 0 0 0 0 0 0 0 0 0 0 0 0 0 0 0 0 0 0 0 0 0 0 0 0 0 0 0 0 
0 0 0 0 0 0 0 0 0 0 0 0 0 0 0 0 0 0 0 0 0 0 0 0 0 0 0 0 0 1 1 1 0 0 0 0 0 0 0 0 0 0 0 0 0 0 0 0 0 0 0 0 0 0 0 0 0 0 0 0 0 0 0 0 
0 0 0 0 0 0 0 0 0 0 0 0 0 0 0 0 0 0 0 0 0 0 0 0 0 0 0 0 0 0 1 0 0 0 0 0 0 0 0 0 0 0 0 0 0 0 0 0 0 0 0 0 0 0 0 0 0 0 0 0 0 0 0 0 
0 0 0 0 0 0 0 0 0 0 0 0 0 0 0 0 0 0 0 0 0 0 0 0 0 0 0 0 0 0 0 0 0 0 0 0 0 0 0 0 0 0 0 0 0 0 0 0 0 0 0 0 0 0 0 0 0 0 0 0 0 0 0 0 
0 0 0 0 0 0 0 0 1 1 1 1 1 1 1 1 1 1 1 1 1 1 1 1 1 1 1 1 1 1 1 1 1 1 1 1 1 1 1 1 1 1 1 1 1 1 1 1 1 1 1 1 1 1 1 0 0 0 0 0 0 0 0 0 
0 0 0 0 0 0 0 0 1 2 2 2 2 2 2 2 2 2 2 2 2 2 2 2 2 2 2 2 2 2 2 2 2 2 2 2 2 2 2 2 2 2 2 2 2 2 2 2 2 2 2 2 2 2 1 0 0 0 0 0 0 0 0 0 
0 0 0 0 0 0 0 0 1 2 3 3 3 3 3 3 3 3 3 3 3 3 3 3 3 3 3 3 3 3 3 3 3 3 3 3 3 3 3 3 3 3 3 3 3 3 3 3 3 3 3 3 3 2 1 0 0 0 0 0 0 0 0 0 
0 0 0 0 0 0 0 0 1 2 3 3 3 3 3 3 3 3 3 3 3 3 3 3 3 3 3 3 3 3 3 3 3 3 3 3 3 3 3 3 3 3 3 3 3 3 3 3 3 3 3 3 3 2 1 0 0 0 0 0 0 0 0 0 
0 0 0 0 0 0 0 0 1 2 2 2 2 2 2 2 2 2 2 2 2 2 2 2 2 2 2 2 2 2 2 2 2 2 2 2 2 2 2 2 2 2 2 2 2 2 2 2 2 2 2 2 2 2 1 0 0 0 0 0 0 0 0 0 
0 0 0 0 0 0 0 0 1 1 1 1 1 1 1 1 1 1 1 1 1 1 1 1 1 1 1 1 1 1 1 1 1 1 1 1 1 1 1 1 1 1 1 1 1 1 1 1 1 1 1 1 1 1 1 0 0 0 0 0 0 0 0 0 
0 0 0 0 0 0 0 0 0 0 0 0 0 0 0 0 0 0 0 0 0 0 0 0 0 0 0 0 0 0 0 0 0 0 0 0 0 0 0 0 0 0 0 0 0 0 0 0 0 0 0 0 0 0 0 0 0 0 0 0 0 0 0 0 
0 0 0 0 0 0 0 0 0 0 0 0 0 0 0 0 0 0 0 0 0 0 0 0 0 0 0 0 0 0 0 0 0 0 0 0 0 0 0 0 0 0 0 0 0 0 0 0 0 0 0 0 0 0 0 0 0 0 0 0 0 0 0 0 
-----------------------------------------------

Skeleton Image
0 0 0 0 0 0 0 0 0 0 0 0 0 0 0 0 0 0 0 0 0 0 0 0 0 0 0 0 0 0 0 0 0 0 0 0 0 0 0 0 0 0 0 0 0 0 0 0 0 0 0 0 0 0 0 0 0 0 0 0 0 0 0 0 
0 0 0 0 0 0 0 0 0 0 0 0 0 0 0 0 0 0 0 0 0 0 0 0 0 0 0 0 0 0 0 0 0 0 0 0 0 0 0 0 0 0 0 0 0 0 0 0 0 0 0 0 0 0 0 0 0 0 0 0 0 0 0 0 
0 0 0 0 0 0 0 0 0 0 0 0 0 0 0 0 0 0 0 0 0 0 0 0 0 0 0 0 0 0 0 0 0 0 0 0 0 0 0 0 0 0 0 0 0 0 0 0 0 0 0 0 0 0 0 0 0 0 0 0 0 0 0 0 
0 0 0 0 0 0 0 0 0 0 0 0 0 0 0 0 0 0 0 0 0 0 0 0 0 0 0 0 0 0 1 0 0 0 0 0 0 0 0 0 0 0 0 0 0 0 0 0 0 0 0 0 0 0 0 0 0 0 0 0 0 0 0 0 
0 0 0 0 0 0 0 0 0 0 0 0 0 0 0 0 0 0 0 0 0 0 0 0 0 0 0 0 0 0 0 0 0 0 0 0 0 0 0 0 0 0 0 0 0 0 0 0 0 0 0 0 0 0 0 0 0 0 0 0 0 0 0 0 
0 0 0 0 0 0 0 0 0 0 0 0 0 0 0 0 0 0 0 0 0 0 0 0 0 0 0 0 0 0 2 0 0 0 0 0 0 0 0 0 0 0 0 0 0 0 0 0 0 0 0 0 0 0 0 0 0 0 0 0 0 0 0 0 
0 0 0 0 0 0 0 0 0 0 0 0 0 0 0 0 0 0 0 0 0 0 0 0 0 0 0 0 0 0 0 0 0 0 0 0 0 0 0 0 0 0 0 0 0 0 0 0 0 0 0 0 0 0 0 0 0 0 0 0 0 0 0 0 
0 0 0 0 0 0 0 0 0 0 1 0 0 0 0 0 0 0 0 0 0 0 0 0 0 0 0 0 0 0 3 0 0 0 0 0 0 0 0 0 0 0 0 0 0 0 0 0 0 0 0 4 0 0 0 0 0 0 0 0 0 0 0 0 
0 0 0 0 0 0 0 0 0 0 0 0 0 0 0 0 0 0 0 0 0 0 0 0 0 0 0 0 0 0 0 0 0 0 0 0 0 0 0 0 0 0 0 0 0 0 0 0 0 0 0 4 0 0 0 0 0 0 0 0 0 0 0 0 
0 0 0 0 0 0 0 0 0 0 2 0 0 0 0 0 0 0 0 0 0 0 0 0 0 0 0 0 0 0 4 0 0 0 0 0 0 0 0 0 0 0 0 0 0 0 0 0 0 0 0 4 0 0 0 0 0 0 0 0 0 0 0 0 
0 0 0 0 0 0 0 0 0 0 0 0 0 0 0 0 0 0 0 0 0 0 0 0 0 0 0 0 0 0 0 0 0 0 0 0 0 0 0 0 0 0 0 0 0 0 0 0 0 0 0 4 0 0 0 0 0 0 0 0 0 0 0 0 
0 0 0 0 0 0 0 0 0 0 3 0 0 0 0 0 0 0 0 0 0 0 0 0 0 0 0 0 0 0 5 0 0 0 0 0 0 0 0 0 0 0 0 0 0 0 0 0 0 0 0 4 0 0 0 0 0 0 0 0 0 0 0 0 
0 0 0 0 0 0 0 0 0 0 0 0 0 0 0 0 0 0 0 0 0 1 0 2 0 3 0 4 0 5 5 5 0 4 0 3 0 2 0 1 0 0 0 0 0 0 0 0 0 0 0 4 0 0 0 0 0 0 0 0 0 0 0 0 
0 0 0 0 0 0 0 0 0 0 4 0 0 0 0 0 0 0 0 0 0 0 0 0 0 0 0 0 0 0 5 0 0 0 0 0 0 0 0 0 0 0 0 0 0 0 0 0 0 0 0 4 0 0 0 0 0 0 0 0 0 0 0 0 
0 0 0 0 0 0 0 0 0 0 0 0 0 0 0 0 0 0 0 0 0 0 0 0 0 0 0 0 0 0 0 0 0 0 0 0 0 0 0 0 0 0 0 0 0 0 0 0 0 0 0 4 0 0 0 0 0 0 0 0 0 0 0 0 
0 0 0 0 0 0 0 0 0 0 5 0 0 0 0 0 0 0 0 0 0 0 0 0 0 0 0 0 0 0 4 0 0 0 0 0 0 0 0 0 0 0 0 0 0 0 0 0 0 0 0 4 0 0 0 0 0 0 0 0 0 0 0 0 
0 0 0 0 0 0 0 0 0 0 0 0 0 0 0 0 0 0 0 0 0 0 0 0 0 0 0 0 0 0 0 0 0 0 0 0 0 0 0 0 0 0 0 0 0 0 0 0 0 0 0 4 0 0 0 0 0 0 0 0 0 0 0 0 
0 0 0 0 0 0 0 0 0 0 6 0 0 0 0 0 0 0 0 0 0 0 0 0 0 0 0 0 0 0 3 0 0 0 0 0 0 0 0 0 0 0 0 0 0 0 0 0 0 0 0 4 0 0 0 0 0 0 0 0 0 0 0 0 
0 0 0 0 0 0 0 0 0 0 0 0 0 0 0 0 0 0 0 0 0 0 0 0 0 0 0 0 0 0 0 0 0 0 0 0 0 0 0 0 0 0 0 0 0 0 0 0 0 0 0 4 0 0 0 0 0 0 0 0 0 0 0 0 
0 0 0 0 0 0 0 0 0 0 7 0 0 0 0 0 0 0 0 0 0 0 0 0 0 0 0 0 0 0 0 2 0 0 0 0 0 0 0 0 0 0 0 0 0 0 0 0 0 0 0 4 0 0 0 0 0 0 0 0 0 0 0 0 
0 0 0 4 0 5 0 6 0 7 7 7 0 6 0 5 0 4 0 3 0 2 0 1 0 0 0 0 0 0 0 0 0 0 0 0 0 0 0 0 0 0 0 0 0 0 0 0 0 0 0 4 0 0 0 0 0 0 0 0 0 0 0 0 
0 0 0 0 0 0 0 0 0 0 7 0 0 0 0 0 0 0 0 0 0 0 0 0 0 0 0 0 0 0 1 0 0 0 0 0 0 0 0 0 0 0 0 0 0 0 0 0 0 0 0 4 0 0 0 0 0 0 0 0 0 0 0 0 
0 0 0 0 0 0 0 0 0 0 0 0 0 0 0 0 0 0 0 0 0 0 0 0 0 0 0 0 0 0 1 0 0 0 0 0 0 0 0 0 0 0 0 0 0 0 0 0 0 0 0 4 0 0 0 0 0 0 0 0 0 0 0 0 
0 0 0 0 0 0 0 0 0 0 6 0 0 0 0 0 0 0 0 0 0 0 0 0 0 0 0 0 0 0 0 0 0 0 0 0 0 0 0 0 0 0 0 0 0 0 0 0 0 0 0 4 0 0 0 0 0 0 0 0 0 0 0 0 
0 0 0 0 0 0 0 0 0 0 0 0 0 0 0 0 0 0 0 0 0 0 0 0 0 0 0 0 0 0 2 0 0 0 0 0 0 0 0 0 0 0 0 0 0 0 0 0 0 0 0 4 0 0 0 0 0 0 0 0 0 0 0 0 
0 0 0 0 0 0 0 0 0 0 5 0 0 0 0 0 0 0 0 0 0 0 0 0 0 0 0 0 0 0 0 0 0 0 0 0 0 0 0 0 0 0 0 0 0 0 0 0 0 0 0 4 0 0 0 0 0 0 0 0 0 0 0 0 
0 0 0 0 0 0 0 0 0 0 0 0 0 0 0 0 0 0 0 0 0 0 0 0 0 0 0 0 0 0 3 0 0 0 0 0 0 0 0 0 0 0 0 0 0 0 0 0 0 0 0 4 0 0 0 0 0 0 0 0 0 0 0 0 
0 0 0 0 0 0 0 0 0 0 4 0 0 0 0 0 0 0 0 0 0 0 0 0 0 0 0 0 0 0 0 0 0 0 0 0 0 0 0 0 0 0 0 0 0 0 0 0 0 0 0 4 0 0 0 0 0 0 0 0 0 0 0 0 
0 0 0 0 0 0 0 0 0 0 0 0 0 0 0 0 0 0 0 0 0 0 0 0 0 0 0 0 0 0 0 4 0 0 0 0 0 0 0 0 0 0 0 0 0 0 0 0 0 0 0 4 0 0 0 0 0 0 0 0 0 0 0 0 
0 0 0 0 0 0 0 0 0 0 3 0 0 0 0 0 0 0 0 0 0 0 0 0 0 0 0 0 0 0 0 0 0 0 0 0 0 0 0 0 0 0 0 0 0 0 0 0 0 0 0 4 0 0 0 0 0 0 0 0 0 0 0 0 
0 0 0 0 0 0 0 0 0 0 0 0 0 0 0 0 0 0 0 0 0 0 0 0 0 0 0 0 0 0 0 5 0 0 0 3 0 0 0 0 0 0 0 0 0 0 0 0 0 0 0 4 0 0 0 0 0 0 0 0 0 0 0 0 
0 0 0 0 0 0 0 0 0 0 2 0 0 0 0 0 0 0 0 0 0 1 0 2 0 3 3 0 0 5 5 5 0 4 0 3 0 2 0 1 0 0 0 0 0 0 0 0 0 0 0 4 0 0 0 0 0 0 0 0 0 0 0 0 
0 0 0 0 0 0 0 0 0 0 0 0 0 0 0 0 0 0 0 0 0 0 0 0 0 0 3 0 0 0 5 0 0 0 0 0 0 0 0 0 0 0 0 0 0 0 0 0 0 0 0 0 0 0 0 0 0 0 0 0 0 0 0 0 
0 0 0 0 0 0 0 0 0 0 1 0 0 0 0 0 0 0 0 0 0 0 0 0 0 0 0 0 0 0 0 0 0 0 0 0 0 0 0 0 0 0 0 0 0 0 0 0 0 0 0 0 0 0 0 0 0 0 0 0 0 0 0 0 
0 0 0 0 0 0 0 0 0 0 0 0 0 0 0 0 0 0 0 0 0 0 0 0 0 0 0 0 0 0 4 0 0 0 0 0 0 0 0 0 0 0 0 0 0 0 0 0 0 0 0 0 0 0 0 0 0 0 0 0 0 0 0 0 
0 0 0 0 0 0 0 0 0 0 0 0 0 0 0 0 0 0 0 0 0 0 0 0 0 0 0 0 0 0 0 0 0 0 0 0 0 0 0 0 0 0 0 0 0 0 0 0 0 0 0 0 0 0 0 0 0 0 0 0 0 0 0 0 
0 0 0 0 0 0 0 0 0 0 0 0 0 0 0 0 0 0 0 0 0 0 0 0 0 0 0 0 0 0 3 0 0 0 0 0 0 0 0 0 0 0 0 0 0 0 0 0 0 0 0 0 0 0 0 0 0 0 0 0 0 0 0 0 
0 0 0 0 0 0 0 0 0 0 0 0 0 0 0 0 0 0 0 0 0 0 0 0 0 0 0 0 0 0 0 0 0 0 0 0 0 0 0 0 0 0 0 0 0 0 0 0 0 0 0 0 0 0 0 0 0 0 0 0 0 0 0 0 
0 0 0 0 0 0 0 0 0 0 0 0 0 0 0 0 0 0 0 0 0 0 0 0 0 0 0 0 0 0 2 0 0 0 0 0 0 0 0 0 0 0 0 0 0 0 0 0 0 0 0 0 0 0 0 0 0 0 0 0 0 0 0 0 
0 0 0 0 0 0 0 0 0 0 0 0 0 0 0 0 0 0 0 0 0 0 0 0 0 0 0 0 0 0 0 0 0 0 0 0 0 0 0 0 0 0 0 0 0 0 0 0 0 0 0 0 0 0 0 0 0 0 0 0 0 0 0 0 
0 0 0 0 0 0 0 0 0 0 0 0 0 0 0 0 0 0 0 0 0 0 0 0 0 0 0 0 0 0 1 0 0 0 0 0 0 0 0 0 0 0 0 0 0 0 0 0 0 0 0 0 0 0 0 0 0 0 0 0 0 0 0 0 
0 0 0 0 0 0 0 0 0 0 0 0 0 0 0 0 0 0 0 0 0 0 0 0 0 0 0 0 0 0 0 0 0 0 0 0 0 0 0 0 0 0 0 0 0 0 0 0 0 0 0 0 0 0 0 0 0 0 0 0 0 0 0 0 
0 0 0 0 0 0 0 0 0 0 0 0 0 0 0 0 0 0 0 0 0 0 0 0 0 0 0 0 0 0 0 0 0 0 0 0 0 0 0 0 0 0 0 0 0 0 0 0 0 0 0 0 0 0 0 0 0 0 0 0 0 0 0 0 
0 0 0 0 0 0 0 0 0 0 0 0 0 0 0 0 0 0 0 0 0 0 0 0 0 0 0 0 0 0 0 0 0 0 0 0 0 0 0 0 0 0 0 0 0 0 0 0 0 0 0 0 0 0 0 0 0 0 0 0 0 0 0 0 
0 0 0 0 0 0 0 0 0 0 3 3 3 3 3 3 3 3 3 3 3 3 3 3 3 3 3 3 3 3 3 3 3 3 3 3 3 3 3 3 3 3 3 3 3 3 3 3 3 3 3 3 3 0 0 0 0 0 0 0 0 0 0 0 
0 0 0 0 0 0 0 0 0 0 3 3 3 3 3 3 3 3 3 3 3 3 3 3 3 3 3 3 3 3 3 3 3 3 3 3 3 3 3 3 3 3 3 3 3 3 3 3 3 3 3 3 3 0 0 0 0 0 0 0 0 0 0 0 
0 0 0 0 0 0 0 0 0 0 0 0 0 0 0 0 0 0 0 0 0 0 0 0 0 0 0 0 0 0 0 0 0 0 0 0 0 0 0 0 0 0 0 0 0 0 0 0 0 0 0 0 0 0 0 0 0 0 0 0 0 0 0 0 
0 0 0 0 0 0 0 0 0 0 0 0 0 0 0 0 0 0 0 0 0 0 0 0 0 0 0 0 0 0 0 0 0 0 0 0 0 0 0 0 0 0 0 0 0 0 0 0 0 0 0 0 0 0 0 0 0 0 0 0 0 0 0 0 
0 0 0 0 0 0 0 0 0 0 0 0 0 0 0 0 0 0 0 0 0 0 0 0 0 0 0 0 0 0 0 0 0 0 0 0 0 0 0 0 0 0 0 0 0 0 0 0 0 0 0 0 0 0 0 0 0 0 0 0 0 0 0 0 
0 0 0 0 0 0 0 0 0 0 0 0 0 0 0 0 0 0 0 0 0 0 0 0 0 0 0 0 0 0 0 0 0 0 0 0 0 0 0 0 0 0 0 0 0 0 0 0 0 0 0 0 0 0 0 0 0 0 0 0 0 0 0 0 
-----------------------------------------------

Result of 1st Pass Expansion
0 0 0 0 0 0 0 0 0 0 0 0 0 0 0 0 0 0 0 0 0 0 0 0 0 0 0 0 0 0 0 0 0 0 0 0 0 0 0 0 0 0 0 0 0 0 0 0 0 0 0 0 0 0 0 0 0 0 0 0 0 0 0 0 
0 0 0 0 0 0 0 0 0 0 0 0 0 0 0 0 0 0 0 0 0 0 0 0 0 0 0 0 0 0 0 0 0 0 0 0 0 0 0 0 0 0 0 0 0 0 0 0 0 0 0 0 0 0 0 0 0 0 0 0 0 0 0 0 
0 0 0 0 0 0 0 0 0 0 0 0 0 0 0 0 0 0 0 0 0 0 0 0 0 0 0 0 0 0 0 0 0 0 0 0 0 0 0 0 0 0 0 0 0 0 0 0 0 0 0 0 0 0 0 0 0 0 0 0 0 0 0 0 
0 0 0 0 0 0 0 0 0 0 0 0 0 0 0 0 0 0 0 0 0 0 0 0 0 0 0 0 0 0 1 0 0 0 0 0 0 0 0 0 0 0 0 0 0 0 0 0 0 0 0 0 0 0 0 0 0 0 0 0 0 0 0 0 
0 0 0 0 0 0 0 0 0 0 0 0 0 0 0 0 0 0 0 0 0 0 0 0 0 0 0 0 0 1 1 1 0 0 0 0 0 0 0 0 0 0 0 0 0 0 0 0 0 0 0 0 0 0 0 0 0 0 0 0 0 0 0 0 
0 0 0 0 0 0 0 0 0 0 0 0 0 0 0 0 0 0 0 0 0 0 0 0 0 0 0 0 0 1 2 1 0 0 0 0 0 0 0 0 0 0 0 0 0 0 0 0 0 0 0 0 0 0 0 0 0 0 0 0 0 0 0 0 
0 0 0 0 0 0 0 0 0 0 0 0 0 0 0 0 0 0 0 0 0 0 0 0 0 0 0 0 0 2 2 2 1 0 0 0 0 0 0 0 0 0 0 0 0 0 0 0 0 0 3 3 3 2 1 0 0 0 0 0 0 0 0 0 
0 0 0 0 0 0 0 0 0 0 1 0 0 0 0 0 0 0 0 0 0 0 0 0 0 0 0 0 1 2 3 2 1 0 0 0 0 0 0 0 0 0 0 0 0 0 0 0 0 2 3 4 3 2 1 0 0 0 0 0 0 0 0 0 
0 0 0 0 0 0 0 0 0 1 1 1 0 0 0 0 0 0 0 0 0 0 0 0 0 0 0 0 1 3 3 3 2 1 0 0 0 0 0 0 0 0 0 0 0 0 0 0 1 2 3 4 3 2 1 0 0 0 0 0 0 0 0 0 
0 0 0 0 0 0 0 0 0 1 2 1 0 0 0 0 0 0 0 0 0 0 0 0 0 0 0 0 2 3 4 3 2 1 0 0 0 0 0 0 0 0 0 0 0 0 0 0 1 2 3 4 3 2 1 0 0 0 0 0 0 0 0 0 
0 0 0 0 0 0 0 0 0 2 2 2 1 0 0 0 0 0 0 0 0 0 0 0 0 0 0 1 2 4 4 4 3 2 1 0 0 0 0 0 0 0 0 0 0 0 0 0 1 2 3 4 3 2 1 0 0 0 0 0 0 0 0 0 
0 0 0 0 0 0 0 0 1 2 3 2 1 0 0 0 0 0 0 0 0 0 1 1 2 2 3 3 4 4 5 4 4 3 3 2 2 1 1 0 0 0 0 0 0 0 0 0 1 2 3 4 3 2 1 0 0 0 0 0 0 0 0 0 
0 0 0 0 0 0 0 0 1 3 3 3 2 1 0 0 0 0 0 0 0 1 1 2 2 3 3 4 4 5 5 5 4 4 3 3 2 2 1 1 0 0 0 0 0 0 0 0 1 2 3 4 3 2 1 0 0 0 0 0 0 0 0 0 
0 0 0 0 0 0 0 0 2 3 4 3 2 1 0 0 0 0 0 0 0 0 1 1 2 2 3 3 4 4 5 4 4 3 3 2 2 1 1 0 0 0 0 0 0 0 0 0 1 2 3 4 3 2 1 0 0 0 0 0 0 0 0 0 
0 0 0 0 0 0 0 1 2 4 4 4 3 2 1 0 0 0 0 0 0 0 0 1 1 2 2 3 3 4 4 4 3 3 2 2 1 1 0 0 0 0 0 0 0 0 0 0 1 2 3 4 3 2 1 0 0 0 0 0 0 0 0 0 
0 0 0 0 0 0 0 1 3 4 5 4 3 2 1 0 0 0 0 0 0 0 0 0 1 1 2 2 3 3 4 3 3 2 2 1 1 0 0 0 0 0 0 0 0 0 0 0 1 2 3 4 3 2 1 0 0 0 0 0 0 0 0 0 
0 0 0 0 0 0 0 2 3 5 5 5 4 3 2 1 0 0 0 0 0 0 0 0 0 1 1 2 2 3 3 3 2 2 1 1 0 0 0 0 0 0 0 0 0 0 0 0 1 2 3 4 3 2 1 0 0 0 0 0 0 0 0 0 
0 0 0 0 0 0 1 2 4 5 6 5 4 3 2 1 0 0 0 0 0 0 0 0 0 0 1 1 2 2 3 2 2 1 1 0 0 0 0 0 0 0 0 0 0 0 0 0 1 2 3 4 3 2 1 0 0 0 0 0 0 0 0 0 
0 0 0 0 0 0 1 3 4 6 6 6 5 4 3 2 1 0 0 0 0 0 0 0 0 0 0 1 1 2 2 2 1 1 0 0 0 0 0 0 0 0 0 0 0 0 0 0 1 2 3 4 3 2 1 0 0 0 0 0 0 0 0 0 
0 0 3 3 4 4 5 5 6 6 7 6 6 5 5 4 4 3 3 2 2 1 1 0 0 0 0 0 1 1 1 2 1 0 0 0 0 0 0 0 0 0 0 0 0 0 0 0 1 2 3 4 3 2 1 0 0 0 0 0 0 0 0 0 
0 2 3 4 4 5 5 6 6 7 7 7 6 6 5 5 4 4 3 3 2 2 1 1 0 0 0 0 0 0 1 1 1 0 0 0 0 0 0 0 0 0 0 0 0 0 0 0 1 2 3 4 3 2 1 0 0 0 0 0 0 0 0 0 
1 2 3 3 4 4 5 5 6 6 7 6 6 5 5 4 4 3 3 2 2 1 1 0 0 0 0 0 0 0 1 0 0 0 0 0 0 0 0 0 0 0 0 0 0 0 0 0 1 2 3 4 3 2 1 0 0 0 0 0 0 0 0 0 
1 2 2 3 3 4 4 5 5 6 6 6 5 5 4 4 3 3 2 2 1 1 0 0 0 0 0 0 0 0 1 0 0 0 0 0 0 0 0 0 0 0 0 0 0 0 0 0 1 2 3 4 3 2 1 0 0 0 0 0 0 0 0 0 
1 1 2 2 3 3 4 4 5 5 6 5 5 4 4 3 3 2 2 1 1 0 0 0 0 0 0 0 0 1 1 1 0 0 0 0 0 0 0 0 0 0 0 0 0 0 0 0 1 2 3 4 3 2 1 0 0 0 0 0 0 0 0 0 
0 1 1 2 2 3 3 4 4 5 5 5 4 4 3 3 2 2 1 1 0 0 0 0 0 0 0 0 0 1 2 1 0 0 0 0 0 0 0 0 0 0 0 0 0 0 0 0 1 2 3 4 3 2 1 0 0 0 0 0 0 0 0 0 
0 0 1 1 2 2 3 3 4 4 5 4 4 3 3 2 2 1 1 0 0 0 0 0 0 0 0 0 0 2 2 2 1 0 0 0 0 0 0 0 0 0 0 0 0 0 0 0 1 2 3 4 3 2 1 0 0 0 0 0 0 0 0 0 
0 0 0 1 1 2 2 3 3 4 4 4 3 3 2 2 1 1 0 0 0 0 0 0 0 0 0 0 1 2 3 2 1 0 0 0 0 0 0 0 0 0 0 0 0 0 0 0 1 2 3 4 3 2 1 0 0 0 0 0 0 0 0 0 
0 0 0 0 1 1 2 2 3 3 4 3 3 2 2 1 1 0 0 0 0 0 0 0 0 0 0 0 1 2 3 3 3 2 1 0 0 0 0 0 0 0 0 0 0 0 0 0 1 2 3 4 3 2 1 0 0 0 0 0 0 0 0 0 
0 0 0 0 0 1 1 2 2 3 3 3 2 2 1 1 0 0 0 0 0 0 0 0 0 0 0 0 1 2 3 4 3 2 1 0 0 0 0 0 0 0 0 0 0 0 0 0 1 2 3 4 3 2 1 0 0 0 0 0 0 0 0 0 
0 0 0 0 0 0 1 1 2 2 3 2 2 1 1 0 0 0 0 0 0 0 0 0 0 0 0 0 1 2 4 4 4 3 2 2 2 1 0 0 0 0 0 0 0 0 0 0 1 2 3 4 3 2 1 0 0 0 0 0 0 0 0 0 
0 0 0 0 0 0 0 1 1 2 2 2 1 1 0 0 0 0 0 0 0 0 1 1 2 2 2 2 4 4 4 5 4 3 3 3 2 1 1 0 0 0 0 0 0 0 0 0 1 2 3 4 3 2 1 0 0 0 0 0 0 0 0 0 
0 0 0 0 0 0 0 0 1 1 2 1 1 0 0 0 0 0 0 0 0 1 1 2 2 3 3 3 4 5 5 5 4 4 3 3 2 2 1 1 0 0 0 0 0 0 0 0 1 2 3 4 3 2 1 0 0 0 0 0 0 0 0 0 
0 0 0 0 0 0 0 0 0 1 1 1 0 0 0 0 0 0 0 0 0 0 1 1 2 2 3 3 4 4 5 4 4 3 3 2 2 1 1 0 0 0 0 0 0 0 0 0 1 2 3 3 3 2 1 0 0 0 0 0 0 0 0 0 
0 0 0 0 0 0 0 0 0 0 1 0 0 0 0 0 0 0 0 0 0 0 0 1 1 2 2 3 3 4 4 4 3 3 2 2 1 1 0 0 0 0 0 0 0 0 0 0 1 2 2 2 2 2 1 0 0 0 0 0 0 0 0 0 
0 0 0 0 0 0 0 0 0 0 0 0 0 0 0 0 0 0 0 0 0 0 0 0 1 1 2 2 3 3 4 3 3 2 2 1 1 0 0 0 0 0 0 0 0 0 0 0 1 1 1 1 1 1 1 0 0 0 0 0 0 0 0 0 
0 0 0 0 0 0 0 0 0 0 0 0 0 0 0 0 0 0 0 0 0 0 0 0 0 1 1 2 2 3 3 3 2 2 1 1 0 0 0 0 0 0 0 0 0 0 0 0 0 0 0 0 0 0 0 0 0 0 0 0 0 0 0 0 
0 0 0 0 0 0 0 0 0 0 0 0 0 0 0 0 0 0 0 0 0 0 0 0 0 0 1 1 2 2 3 2 2 1 1 0 0 0 0 0 0 0 0 0 0 0 0 0 0 0 0 0 0 0 0 0 0 0 0 0 0 0 0 0 
0 0 0 0 0 0 0 0 0 0 0 0 0 0 0 0 0 0 0 0 0 0 0 0 0 0 0 1 1 2 2 2 1 1 0 0 0 0 0 0 0 0 0 0 0 0 0 0 0 0 0 0 0 0 0 0 0 0 0 0 0 0 0 0 
0 0 0 0 0 0 0 0 0 0 0 0 0 0 0 0 0 0 0 0 0 0 0 0 0 0 0 0 1 1 2 1 1 0 0 0 0 0 0 0 0 0 0 0 0 0 0 0 0 0 0 0 0 0 0 0 0 0 0 0 0 0 0 0 
0 0 0 0 0 0 0 0 0 0 0 0 0 0 0 0 0 0 0 0 0 0 0 0 0 0 0 0 0 1 1 1 0 0 0 0 0 0 0 0 0 0 0 0 0 0 0 0 0 0 0 0 0 0 0 0 0 0 0 0 0 0 0 0 
0 0 0 0 0 0 0 0 0 0 0 0 0 0 0 0 0 0 0 0 0 0 0 0 0 0 0 0 0 0 1 0 0 0 0 0 0 0 0 0 0 0 0 0 0 0 0 0 0 0 0 0 0 0 0 0 0 0 0 0 0 0 0 0 
0 0 0 0 0 0 0 0 0 0 0 0 0 0 0 0 0 0 0 0 0 0 0 0 0 0 0 0 0 0 0 0 0 0 0 0 0 0 0 0 0 0 0 0 0 0 0 0 0 0 0 0 0 0 0 0 0 0 0 0 0 0 0 0 
0 0 0 0 0 0 0 0 0 0 0 0 0 0 0 0 0 0 0 0 0 0 0 0 0 0 0 0 0 0 0 0 0 0 0 0 0 0 0 0 0 0 0 0 0 0 0 0 0 0 0 0 0 0 0 0 0 0 0 0 0 0 0 0 
0 0 0 0 0 0 0 0 0 2 2 2 2 2 2 2 2 2 2 2 2 2 2 2 2 2 2 2 2 2 2 2 2 2 2 2 2 2 2 2 2 2 2 2 2 2 2 2 2 2 2 2 2 2 1 0 0 0 0 0 0 0 0 0 
0 0 0 0 0 0 0 0 1 2 3 3 3 3 3 3 3 3 3 3 3 3 3 3 3 3 3 3 3 3 3 3 3 3 3 3 3 3 3 3 3 3 3 3 3 3 3 3 3 3 3 3 3 2 1 0 0 0 0 0 0 0 0 0 
0 0 0 0 0 0 0 0 1 2 3 3 3 3 3 3 3 3 3 3 3 3 3 3 3 3 3 3 3 3 3 3 3 3 3 3 3 3 3 3 3 3 3 3 3 3 3 3 3 3 3 3 3 2 1 0 0 0 0 0 0 0 0 0 
0 0 0 0 0 0 0 0 1 2 2 2 2 2 2 2 2 2 2 2 2 2 2 2 2 2 2 2 2 2 2 2 2 2 2 2 2 2 2 2 2 2 2 2 2 2 2 2 2 2 2 2 2 2 1 0 0 0 0 0 0 0 0 0 
0 0 0 0 0 0 0 0 1 1 1 1 1 1 1 1 1 1 1 1 1 1 1 1 1 1 1 1 1 1 1 1 1 1 1 1 1 1 1 1 1 1 1 1 1 1 1 1 1 1 1 1 1 1 1 0 0 0 0 0 0 0 0 0 
0 0 0 0 0 0 0 0 0 0 0 0 0 0 0 0 0 0 0 0 0 0 0 0 0 0 0 0 0 0 0 0 0 0 0 0 0 0 0 0 0 0 0 0 0 0 0 0 0 0 0 0 0 0 0 0 0 0 0 0 0 0 0 0 
0 0 0 0 0 0 0 0 0 0 0 0 0 0 0 0 0 0 0 0 0 0 0 0 0 0 0 0 0 0 0 0 0 0 0 0 0 0 0 0 0 0 0 0 0 0 0 0 0 0 0 0 0 0 0 0 0 0 0 0 0 0 0 0 
-----------------------------------------------

Result of 2nd Pass Expansion
0 0 0 0 0 0 0 0 0 0 0 0 0 0 0 0 0 0 0 0 0 0 0 0 0 0 0 0 0 0 0 0 0 0 0 0 0 0 0 0 0 0 0 0 0 0 0 0 0 0 0 0 0 0 0 0 0 0 0 0 0 0 0 0 
0 0 0 0 0 0 0 0 0 0 0 0 0 0 0 0 0 0 0 0 0 0 0 0 0 0 0 0 0 0 0 0 0 0 0 0 0 0 0 0 0 0 0 0 0 0 0 0 0 0 0 0 0 0 0 0 0 0 0 0 0 0 0 0 
0 0 0 0 0 0 0 0 0 0 0 0 0 0 0 0 0 0 0 0 0 0 0 0 0 0 0 0 0 0 0 0 0 0 0 0 0 0 0 0 0 0 0 0 0 0 0 0 0 0 0 0 0 0 0 0 0 0 0 0 0 0 0 0 
0 0 0 0 0 0 0 0 0 0 0 0 0 0 0 0 0 0 0 0 0 0 0 0 0 0 0 0 0 0 1 0 0 0 0 0 0 0 0 0 0 0 0 0 0 0 0 0 0 0 0 0 0 0 0 0 0 0 0 0 0 0 0 0 
0 0 0 0 0 0 0 0 0 0 0 0 0 0 0 0 0 0 0 0 0 0 0 0 0 0 0 0 0 1 1 1 0 0 0 0 0 0 0 0 0 0 0 0 0 0 0 0 1 1 1 1 1 1 1 0 0 0 0 0 0 0 0 0 
0 0 0 0 0 0 0 0 0 0 0 0 0 0 0 0 0 0 0 0 0 0 0 0 0 0 0 0 1 1 2 1 1 0 0 0 0 0 0 0 0 0 0 0 0 0 0 0 1 2 2 2 2 2 1 0 0 0 0 0 0 0 0 0 
0 0 0 0 0 0 0 0 0 0 0 0 0 0 0 0 0 0 0 0 0 0 0 0 0 0 0 1 1 2 2 2 1 1 0 0 0 0 0 0 0 0 0 0 0 0 0 0 1 2 3 3 3 2 1 0 0 0 0 0 0 0 0 0 
0 0 0 0 0 0 0 0 0 0 1 0 0 0 0 0 0 0 0 0 0 0 0 0 0 0 1 1 2 2 3 2 2 1 1 0 0 0 0 0 0 0 0 0 0 0 0 0 1 2 3 4 3 2 1 0 0 0 0 0 0 0 0 0 
0 0 0 0 0 0 0 0 0 1 1 1 0 0 0 0 0 0 0 0 0 0 0 0 0 1 1 2 2 3 3 3 2 2 1 1 0 0 0 0 0 0 0 0 0 0 0 0 1 2 3 4 3 2 1 0 0 0 0 0 0 0 0 0 
0 0 0 0 0 0 0 0 1 1 2 1 1 0 0 0 0 0 0 0 0 0 0 0 1 1 2 2 3 3 4 3 3 2 2 1 1 0 0 0 0 0 0 0 0 0 0 0 1 2 3 4 3 2 1 0 0 0 0 0 0 0 0 0 
0 0 0 0 0 0 0 1 1 2 2 2 1 1 0 0 0 0 0 0 0 0 0 1 1 2 2 3 3 4 4 4 3 3 2 2 1 1 0 0 0 0 0 0 0 0 0 0 1 2 3 4 3 2 1 0 0 0 0 0 0 0 0 0 
0 0 0 0 0 0 1 1 2 2 3 2 2 1 1 0 0 0 0 0 0 0 1 1 2 2 3 3 4 4 5 4 4 3 3 2 2 1 1 0 0 0 0 0 0 0 0 0 1 2 3 4 3 2 1 0 0 0 0 0 0 0 0 0 
0 0 0 0 0 1 1 2 2 3 3 3 2 2 1 1 0 0 0 0 0 1 1 2 2 3 3 4 4 5 5 5 4 4 3 3 2 2 1 1 0 0 0 0 0 0 0 0 1 2 3 4 3 2 1 0 0 0 0 0 0 0 0 0 
0 0 0 0 1 1 2 2 3 3 4 3 3 2 2 1 1 0 0 0 0 0 1 1 2 2 3 3 4 4 5 4 4 3 3 2 2 1 1 0 0 0 0 0 0 0 0 0 1 2 3 4 3 2 1 0 0 0 0 0 0 0 0 0 
0 0 0 1 1 2 2 3 3 4 4 4 3 3 2 2 1 1 0 0 0 0 0 1 1 2 2 3 3 4 4 4 3 3 2 2 1 1 0 0 0 0 0 0 0 0 0 0 1 2 3 4 3 2 1 0 0 0 0 0 0 0 0 0 
0 0 1 1 2 2 3 3 4 4 5 4 4 3 3 2 2 1 1 0 0 0 0 0 1 1 2 2 3 3 4 3 3 2 2 1 1 0 0 0 0 0 0 0 0 0 0 0 1 2 3 4 3 2 1 0 0 0 0 0 0 0 0 0 
0 1 1 2 2 3 3 4 4 5 5 5 4 4 3 3 2 2 1 1 0 0 0 0 0 1 1 2 2 3 3 3 2 2 1 1 0 0 0 0 0 0 0 0 0 0 0 0 1 2 3 4 3 2 1 0 0 0 0 0 0 0 0 0 
1 1 2 2 3 3 4 4 5 5 6 5 5 4 4 3 3 2 2 1 1 0 0 0 0 0 1 1 2 2 3 2 2 1 1 0 0 0 0 0 0 0 0 0 0 0 0 0 1 2 3 4 3 2 1 0 0 0 0 0 0 0 0 0 
1 2 2 3 3 4 4 5 5 6 6 6 5 5 4 4 3 3 2 2 1 1 0 0 0 0 0 1 1 2 2 2 1 1 0 0 0 0 0 0 0 0 0 0 0 0 0 0 1 2 3 4 3 2 1 0 0 0 0 0 0 0 0 0 
1 2 3 3 4 4 5 5 6 6 7 6 6 5 5 4 4 3 3 2 2 1 1 0 0 0 0 0 1 1 1 2 1 0 0 0 0 0 0 0 0 0 0 0 0 0 0 0 1 2 3 4 3 2 1 0 0 0 0 0 0 0 0 0 
1 2 3 4 4 5 5 6 6 7 7 7 6 6 5 5 4 4 3 3 2 2 1 1 0 0 0 0 0 0 1 1 1 0 0 0 0 0 0 0 0 0 0 0 0 0 0 0 1 2 3 4 3 2 1 0 0 0 0 0 0 0 0 0 
1 2 3 3 4 4 5 5 6 6 7 6 6 5 5 4 4 3 3 2 2 1 1 0 0 0 0 0 0 0 1 0 0 0 0 0 0 0 0 0 0 0 0 0 0 0 0 0 1 2 3 4 3 2 1 0 0 0 0 0 0 0 0 0 
1 2 2 3 3 4 4 5 5 6 6 6 5 5 4 4 3 3 2 2 1 1 0 0 0 0 0 0 0 0 1 0 0 0 0 0 0 0 0 0 0 0 0 0 0 0 0 0 1 2 3 4 3 2 1 0 0 0 0 0 0 0 0 0 
1 1 2 2 3 3 4 4 5 5 6 5 5 4 4 3 3 2 2 1 1 0 0 0 0 0 0 0 0 1 1 1 0 0 0 0 0 0 0 0 0 0 0 0 0 0 0 0 1 2 3 4 3 2 1 0 0 0 0 0 0 0 0 0 
0 1 1 2 2 3 3 4 4 5 5 5 4 4 3 3 2 2 1 1 0 0 0 0 0 0 0 0 1 1 2 1 1 0 0 0 0 0 0 0 0 0 0 0 0 0 0 0 1 2 3 4 3 2 1 0 0 0 0 0 0 0 0 0 
0 0 1 1 2 2 3 3 4 4 5 4 4 3 3 2 2 1 1 0 0 0 0 0 0 0 0 0 1 2 2 2 1 1 1 0 0 0 0 0 0 0 0 0 0 0 0 0 1 2 3 4 3 2 1 0 0 0 0 0 0 0 0 0 
0 0 0 1 1 2 2 3 3 4 4 4 3 3 2 2 1 1 0 0 0 0 0 0 0 0 0 1 1 2 3 2 2 2 1 1 0 0 0 0 0 0 0 0 0 0 0 0 1 2 3 4 3 2 1 0 0 0 0 0 0 0 0 0 
0 0 0 0 1 1 2 2 3 3 4 3 3 2 2 1 1 0 0 0 0 0 0 0 0 1 1 1 2 2 3 3 3 2 2 1 0 0 0 0 0 0 0 0 0 0 0 0 1 2 3 4 3 2 1 0 0 0 0 0 0 0 0 0 
0 0 0 0 0 1 1 2 2 3 3 3 2 2 1 1 0 0 0 0 0 0 0 0 0 1 2 2 2 3 3 4 3 3 2 1 1 1 0 0 0 0 0 0 0 0 0 0 1 2 3 4 3 2 1 0 0 0 0 0 0 0 0 0 
0 0 0 0 0 0 1 1 2 2 3 2 2 1 1 0 0 0 0 0 0 0 0 1 1 1 2 3 3 3 4 4 4 3 2 2 2 1 0 0 0 0 0 0 0 0 0 0 1 2 3 4 3 2 1 0 0 0 0 0 0 0 0 0 
0 0 0 0 0 0 0 1 1 2 2 2 1 1 0 0 0 0 0 0 0 0 1 1 2 2 2 3 4 4 4 5 4 3 3 3 2 1 1 0 0 0 0 0 0 0 0 0 1 2 3 4 3 2 1 0 0 0 0 0 0 0 0 0 
0 0 0 0 0 0 0 0 1 1 2 1 1 0 0 0 0 0 0 0 0 1 1 2 2 3 3 3 4 5 5 5 4 4 3 3 2 2 1 1 0 0 0 0 0 0 0 0 1 2 3 4 3 2 1 0 0 0 0 0 0 0 0 0 
0 0 0 0 0 0 0 0 0 1 1 1 0 0 0 0 0 0 0 0 0 0 1 1 2 2 3 3 4 4 5 4 4 3 3 2 2 1 1 0 0 0 0 0 0 0 0 0 1 2 3 3 3 2 1 0 0 0 0 0 0 0 0 0 
0 0 0 0 0 0 0 0 0 0 1 0 0 0 0 0 0 0 0 0 0 0 0 1 1 2 2 3 3 4 4 4 3 3 2 2 1 1 0 0 0 0 0 0 0 0 0 0 1 2 2 2 2 2 1 0 0 0 0 0 0 0 0 0 
0 0 0 0 0 0 0 0 0 0 0 0 0 0 0 0 0 0 0 0 0 0 0 0 1 1 2 2 3 3 4 3 3 2 2 1 1 0 0 0 0 0 0 0 0 0 0 0 1 1 1 1 1 1 1 0 0 0 0 0 0 0 0 0 
0 0 0 0 0 0 0 0 0 0 0 0 0 0 0 0 0 0 0 0 0 0 0 0 0 1 1 2 2 3 3 3 2 2 1 1 0 0 0 0 0 0 0 0 0 0 0 0 0 0 0 0 0 0 0 0 0 0 0 0 0 0 0 0 
0 0 0 0 0 0 0 0 0 0 0 0 0 0 0 0 0 0 0 0 0 0 0 0 0 0 1 1 2 2 3 2 2 1 1 0 0 0 0 0 0 0 0 0 0 0 0 0 0 0 0 0 0 0 0 0 0 0 0 0 0 0 0 0 
0 0 0 0 0 0 0 0 0 0 0 0 0 0 0 0 0 0 0 0 0 0 0 0 0 0 0 1 1 2 2 2 1 1 0 0 0 0 0 0 0 0 0 0 0 0 0 0 0 0 0 0 0 0 0 0 0 0 0 0 0 0 0 0 
0 0 0 0 0 0 0 0 0 0 0 0 0 0 0 0 0 0 0 0 0 0 0 0 0 0 0 0 1 1 2 1 1 0 0 0 0 0 0 0 0 0 0 0 0 0 0 0 0 0 0 0 0 0 0 0 0 0 0 0 0 0 0 0 
0 0 0 0 0 0 0 0 0 0 0 0 0 0 0 0 0 0 0 0 0 0 0 0 0 0 0 0 0 1 1 1 0 0 0 0 0 0 0 0 0 0 0 0 0 0 0 0 0 0 0 0 0 0 0 0 0 0 0 0 0 0 0 0 
0 0 0 0 0 0 0 0 0 0 0 0 0 0 0 0 0 0 0 0 0 0 0 0 0 0 0 0 0 0 1 0 0 0 0 0 0 0 0 0 0 0 0 0 0 0 0 0 0 0 0 0 0 0 0 0 0 0 0 0 0 0 0 0 
0 0 0 0 0 0 0 0 0 0 0 0 0 0 0 0 0 0 0 0 0 0 0 0 0 0 0 0 0 0 0 0 0 0 0 0 0 0 0 0 0 0 0 0 0 0 0 0 0 0 0 0 0 0 0 0 0 0 0 0 0 0 0 0 
0 0 0 0 0 0 0 0 1 1 1 1 1 1 1 1 1 1 1 1 1 1 1 1 1 1 1 1 1 1 1 1 1 1 1 1 1 1 1 1 1 1 1 1 1 1 1 1 1 1 1 1 1 1 1 0 0 0 0 0 0 0 0 0 
0 0 0 0 0 0 0 0 1 2 2 2 2 2 2 2 2 2 2 2 2 2 2 2 2 2 2 2 2 2 2 2 2 2 2 2 2 2 2 2 2 2 2 2 2 2 2 2 2 2 2 2 2 2 1 0 0 0 0 0 0 0 0 0 
0 0 0 0 0 0 0 0 1 2 3 3 3 3 3 3 3 3 3 3 3 3 3 3 3 3 3 3 3 3 3 3 3 3 3 3 3 3 3 3 3 3 3 3 3 3 3 3 3 3 3 3 3 2 1 0 0 0 0 0 0 0 0 0 
0 0 0 0 0 0 0 0 1 2 3 3 3 3 3 3 3 3 3 3 3 3 3 3 3 3 3 3 3 3 3 3 3 3 3 3 3 3 3 3 3 3 3 3 3 3 3 3 3 3 3 3 3 2 1 0 0 0 0 0 0 0 0 0 
0 0 0 0 0 0 0 0 1 2 2 2 2 2 2 2 2 2 2 2 2 2 2 2 2 2 2 2 2 2 2 2 2 2 2 2 2 2 2 2 2 2 2 2 2 2 2 2 2 2 2 2 2 2 1 0 0 0 0 0 0 0 0 0 
0 0 0 0 0 0 0 0 1 1 1 1 1 1 1 1 1 1 1 1 1 1 1 1 1 1 1 1 1 1 1 1 1 1 1 1 1 1 1 1 1 1 1 1 1 1 1 1 1 1 1 1 1 1 1 0 0 0 0 0 0 0 0 0 
0 0 0 0 0 0 0 0 0 0 0 0 0 0 0 0 0 0 0 0 0 0 0 0 0 0 0 0 0 0 0 0 0 0 0 0 0 0 0 0 0 0 0 0 0 0 0 0 0 0 0 0 0 0 0 0 0 0 0 0 0 0 0 0 
0 0 0 0 0 0 0 0 0 0 0 0 0 0 0 0 0 0 0 0 0 0 0 0 0 0 0 0 0 0 0 0 0 0 0 0 0 0 0 0 0 0 0 0 0 0 0 0 0 0 0 0 0 0 0 0 0 0 0 0 0 0 0 0 
-----------------------------------------------

